succeed   3  0.010  0.000  0.010  100.000    100.000  100.000  0.000  0.000  0.000  3.361 0.999 
succeed   3  0.010  0.000  0.100  100.000    100.000  100.000  0.000  0.000  0.000  1.887 1.000 
succeed   3  0.010  0.000  1.000  100.000    100.000  100.000  0.000  0.000  0.000  2.571 1.000 
succeed   3  0.010  0.000  10.000  100.000    100.000  100.000  0.000  0.000  0.000  1.107 1.000 
succeed   3  0.010  0.000  100.000  100.000    100.000  100.000  0.000  0.000  0.000  1.157 1.000 
succeed   3  0.010  0.200  0.010  100.000    100.000  100.000  0.000  0.000  0.000  1.260 1.000 
succeed   3  0.010  0.200  0.100  100.000    100.000  100.000  0.000  0.000  0.000  1.990 1.000 
succeed   3  0.010  0.200  1.000  100.000    100.000  100.000  0.000  0.000  0.000  1.588 1.000 
succeed   3  0.010  0.200  10.000  100.000    100.000  100.000  0.000  0.000  0.000  1.194 1.000 
succeed   3  0.010  0.200  100.000  100.000    100.000  100.000  0.000  0.000  0.000  1.099 1.000 
succeed   3  0.010  0.400  0.010  100.000    100.000  100.000  0.000  0.000  0.000  1.119 1.000 
succeed   3  0.010  0.400  0.100  100.000    100.000  100.000  0.000  0.000  0.000  1.248 1.000 
succeed   3  0.010  0.400  1.000  100.000    100.000  100.000  0.000  0.000  0.000  1.111 1.000 
succeed   3  0.010  0.400  10.000  100.000    100.000  100.000  0.000  0.000  0.000  1.131 1.000 
succeed   3  0.010  0.400  100.000  100.000    100.000  100.000  0.000  0.000  0.000  1.106 1.000 
succeed   3  0.010  0.500  0.010  100.000    100.000  100.000  0.000  0.000  0.000  1.128 1.000 
succeed   3  0.010  0.500  0.100  100.000    100.000  100.000  0.000  0.000  0.000  1.218 1.000 
succeed   3  0.010  0.500  1.000  100.000    100.000  100.000  0.000  0.000  0.000  1.295 1.000 
succeed   3  0.010  0.500  10.000  100.000    100.000  100.000  0.000  0.000  0.000  1.227 1.000 
succeed   3  0.010  0.500  100.000  100.000    100.000  100.000  0.000  0.000  0.000  1.155 1.000 
succeed   3  0.010  0.800  0.010  100.000    100.000  100.000  0.000  0.000  0.000  1.285 1.000 
succeed   3  0.010  0.800  0.100  100.000    100.000  100.000  0.000  0.000  0.000  1.162 1.000 
succeed   3  0.010  0.800  1.000  100.000    100.000  100.000  0.000  0.000  0.000  1.114 1.000 
succeed   3  0.010  0.800  10.000  100.000    100.000  100.000  0.000  0.000  0.000  1.169 1.000 
