succeed   3  0.010  0.000  0.010  86.269    89.731  89.499  1.249  1.983  1.876  5.151 0.971 
succeed   3  0.010  0.000  0.100  86.269    88.782  88.664  0.667  0.430  0.454  4.047 0.964 
succeed   3  0.010  0.000  1.000  85.672    88.872  88.672  0.817  1.445  1.340  4.091 0.963 
succeed   3  0.010  0.000  10.000  85.075    88.013  87.852  0.000  0.000  0.000  5.772 0.962 
succeed   3  0.010  0.000  100.000  85.672    88.872  88.672  0.817  1.445  1.340  3.286 0.958 
succeed   3  0.010  0.200  0.010  86.269    90.679  90.319  0.667  1.491  1.379  5.262 0.959 
succeed   3  0.010  0.200  0.100  86.567    91.346  90.935  0.000  0.000  0.000  4.974 0.952 
succeed   3  0.010  0.200  1.000  86.866    91.064  90.732  0.667  1.240  1.137  4.738 0.955 
succeed   3  0.010  0.200  10.000  85.672    89.346  89.085  0.817  1.826  1.689  5.524 0.957 
succeed   3  0.010  0.200  100.000  86.269    90.679  90.319  0.667  1.491  1.379  5.459 0.957 
succeed   3  0.010  0.400  0.010  86.567    91.346  90.935  0.000  0.000  0.000  4.103 0.945 
succeed   3  0.010  0.400  0.100  86.567    91.346  90.935  0.000  0.000  0.000  4.951 0.948 
succeed   3  0.010  0.400  1.000  86.866    91.538  91.146  0.667  0.430  0.470  5.928 0.953 
succeed   3  0.010  0.400  10.000  85.970    90.013  89.702  0.817  1.826  1.689  3.429 0.953 
succeed   3  0.010  0.400  100.000  85.672    89.346  89.085  0.817  1.826  1.689  5.006 0.956 
succeed   3  0.010  0.500  0.010  86.269    90.679  90.319  0.667  1.491  1.379  5.389 0.946 
succeed   3  0.010  0.500  0.100  86.567    91.346  90.935  0.000  0.000  0.000  4.382 0.948 
succeed   3  0.010  0.500  1.000  86.567    91.346  90.935  0.000  0.000  0.000  3.835 0.954 
succeed   3  0.010  0.500  10.000  86.269    90.679  90.319  0.667  1.491  1.379  3.697 0.954 
succeed   3  0.010  0.500  100.000  85.373    88.679  88.469  0.667  1.491  1.379  4.797 0.962 
succeed   3  0.010  0.800  0.010  84.776    87.346  87.213  0.667  1.491  1.429  2.625 0.948 
succeed   3  0.010  0.800  0.100  84.179    86.013  85.934  0.817  1.826  1.750  3.406 0.948 
succeed   3  0.010  0.800  1.000  85.373    88.679  88.446  1.249  2.789  2.620  2.589 0.944 
succeed   3  0.010  0.800  10.000  86.269    90.679  90.319  0.667  1.491  1.379  2.399 0.950 
succeed   3  0.010  0.800  100.000  85.970    90.013  89.702  0.817  1.826  1.689  6.104 0.956 
succeed   3  0.010  1.000  0.010  83.881    85.346  85.295  0.667  1.491  1.429  2.662 0.936 
succeed   3  0.010  1.000  0.100  83.582    84.679  84.656  0.000  0.000  0.000  2.574 0.942 
succeed   3  0.010  1.000  1.000  84.776    87.346  87.213  0.667  1.491  1.429  2.418 0.943 
succeed   3  0.010  1.000  10.000  86.567    91.346  90.935  0.000  0.000  0.000  2.520 0.948 
succeed   3  0.010  1.000  100.000  86.269    90.679  90.319  0.667  1.491  1.379  7.925 0.955 
succeed   3  0.100  0.000  0.010  86.269    90.679  90.319  0.667  1.491  1.379  7.030 0.956 
succeed   3  0.100  0.000  0.100  86.567    91.346  90.935  0.000  0.000  0.000  4.931 0.955 
succeed   3  0.100  0.000  1.000  86.269    90.679  90.319  0.667  1.491  1.379  5.570 0.964 
succeed   3  0.100  0.000  10.000  86.269    90.679  90.319  0.667  1.491  1.379  7.885 0.957 
succeed   3  0.100  0.000  100.000  85.672    89.346  89.085  0.817  1.826  1.689  6.020 0.955 
succeed   3  0.100  0.200  0.010  86.567    91.346  90.935  0.000  0.000  0.000  5.196 0.945 
succeed   3  0.100  0.200  0.100  86.567    91.346  90.935  0.000  0.000  0.000  5.356 0.947 
succeed   3  0.100  0.200  1.000  86.567    91.346  90.935  0.000  0.000  0.000  5.230 0.952 
succeed   3  0.100  0.200  10.000  85.970    90.013  89.702  0.817  1.826  1.689  4.922 0.956 
succeed   3  0.100  0.200  100.000  85.672    89.346  89.085  0.817  1.826  1.689  3.622 0.955 
succeed   3  0.100  0.400  0.010  86.269    90.679  90.319  0.667  1.491  1.379  3.628 0.950 
succeed   3  0.100  0.400  0.100  85.373    88.679  88.469  0.667  1.491  1.379  5.523 0.945 
succeed   3  0.100  0.400  1.000  86.269    90.679  90.319  0.667  1.491  1.379  4.498 0.943 
succeed   3  0.100  0.400  10.000  86.567    91.346  90.935  0.000  0.000  0.000  4.012 0.953 
succeed   3  0.100  0.400  100.000  85.970    90.013  89.702  0.817  1.826  1.689  3.206 0.955 
succeed   3  0.100  0.500  0.010  85.075    88.013  87.829  1.055  2.357  2.220  4.708 0.946 
succeed   3  0.100  0.500  0.100  85.075    88.013  87.829  1.055  2.357  2.220  5.085 0.944 
succeed   3  0.100  0.500  1.000  85.075    88.013  87.829  1.055  2.357  2.220  3.808 0.946 
succeed   3  0.100  0.500  10.000  86.567    91.346  90.935  0.000  0.000  0.000  4.715 0.949 
succeed   3  0.100  0.500  100.000  85.672    89.346  89.085  0.817  1.826  1.689  10.398 0.956 
succeed   3  0.100  0.800  0.010  83.881    85.346  85.295  0.667  1.491  1.429  6.133 0.945 
succeed   3  0.100  0.800  0.100  83.582    84.679  84.656  0.000  0.000  0.000  3.258 0.942 
succeed   3  0.100  0.800  1.000  83.881    85.346  85.295  0.667  1.491  1.429  3.725 0.943 
succeed   3  0.100  0.800  10.000  86.567    91.346  90.935  0.000  0.000  0.000  4.660 0.946 
succeed   3  0.100  0.800  100.000  86.269    90.679  90.319  0.667  1.491  1.379  3.509 0.954 
succeed   3  0.100  1.000  0.010  83.582    84.679  84.656  0.000  0.000  0.000  3.272 0.940 
succeed   3  0.100  1.000  0.100  83.582    84.679  84.656  0.000  0.000  0.000  3.443 0.941 
succeed   3  0.100  1.000  1.000  83.582    84.679  84.656  0.000  0.000  0.000  4.048 0.941 
succeed   3  0.100  1.000  10.000  85.970    90.013  89.702  0.817  1.826  1.689  4.544 0.947 
succeed   3  0.100  1.000  100.000  86.567    91.346  90.935  0.000  0.000  0.000  3.870 0.950 
succeed   3  1.000  0.000  0.010  83.881    85.346  85.295  0.667  1.491  1.429  5.776 0.930 
succeed   3  1.000  0.000  0.100  83.881    85.346  85.295  0.667  1.491  1.429  6.591 0.937 
succeed   3  1.000  0.000  1.000  83.881    85.346  85.295  0.667  1.491  1.429  5.986 0.936 
succeed   3  1.000  0.000  10.000  84.478    86.679  86.574  0.817  1.826  1.750  6.038 0.941 
succeed   3  1.000  0.000  100.000  86.567    91.346  90.935  0.000  0.000  0.000  4.498 0.950 
succeed   3  1.000  0.200  0.010  83.582    84.679  84.656  0.000  0.000  0.000  4.847 0.928 
succeed   3  1.000  0.200  0.100  83.582    84.679  84.656  0.000  0.000  0.000  5.451 0.932 
succeed   3  1.000  0.200  1.000  83.582    84.679  84.656  0.000  0.000  0.000  5.934 0.936 
succeed   3  1.000  0.200  10.000  84.179    86.013  85.934  0.817  1.826  1.750  4.585 0.943 
succeed   3  1.000  0.200  100.000  86.567    91.346  90.935  0.000  0.000  0.000  3.522 0.953 
succeed   3  1.000  0.400  0.010  83.582    84.679  84.656  0.000  0.000  0.000  5.231 0.930 
succeed   3  1.000  0.400  0.100  83.582    84.679  84.656  0.000  0.000  0.000  5.681 0.934 
succeed   3  1.000  0.400  1.000  83.582    84.679  84.656  0.000  0.000  0.000  5.453 0.930 
succeed   3  1.000  0.400  10.000  83.881    85.346  85.295  0.667  1.491  1.429  5.355 0.940 
succeed   3  1.000  0.400  100.000  86.866    91.538  91.146  0.667  0.430  0.470  5.050 0.948 
succeed   3  1.000  0.500  0.010  83.582    84.679  84.656  0.000  0.000  0.000  4.682 0.933 
succeed   3  1.000  0.500  0.100  83.582    84.679  84.656  0.000  0.000  0.000  5.138 0.930 
succeed   3  1.000  0.500  1.000  83.582    84.679  84.656  0.000  0.000  0.000  5.096 0.934 
succeed   3  1.000  0.500  10.000  83.881    85.346  85.295  0.667  1.491  1.429  4.529 0.938 
succeed   3  1.000  0.500  100.000  86.567    91.346  90.935  0.000  0.000  0.000  6.550 0.953 
succeed   3  1.000  0.800  0.010  83.582    84.679  84.656  0.000  0.000  0.000  4.666 0.932 
succeed   3  1.000  0.800  0.100  83.582    84.679  84.656  0.000  0.000  0.000  5.229 0.930 
succeed   3  1.000  0.800  1.000  83.582    84.679  84.656  0.000  0.000  0.000  5.169 0.933 
succeed   3  1.000  0.800  10.000  83.582    84.679  84.656  0.000  0.000  0.000  4.354 0.937 
succeed   3  1.000  0.800  100.000  86.567    91.346  90.935  0.000  0.000  0.000  4.809 0.954 
succeed   3  1.000  1.000  0.010  83.582    84.679  84.656  0.000  0.000  0.000  4.845 0.929 
succeed   3  1.000  1.000  0.100  83.582    84.679  84.656  0.000  0.000  0.000  4.601 0.931 
succeed   3  1.000  1.000  1.000  83.582    84.679  84.656  0.000  0.000  0.000  4.528 0.925 
succeed   3  1.000  1.000  10.000  83.582    84.679  84.656  0.000  0.000  0.000  3.860 0.931 
succeed   3  1.000  1.000  100.000  86.567    91.346  90.935  0.000  0.000  0.000  6.779 0.947 
succeed   3  10.000  0.000  0.010  83.881    85.346  85.295  0.667  1.491  1.429  4.040 0.921 
succeed   3  10.000  0.000  0.100  83.881    85.346  85.295  0.667  1.491  1.429  4.121 0.923 
succeed   3  10.000  0.000  1.000  83.582    84.679  84.656  0.000  0.000  0.000  4.047 0.919 
succeed   3  10.000  0.000  10.000  83.582    84.679  84.656  0.000  0.000  0.000  4.229 0.922 
succeed   3  10.000  0.000  100.000  85.075    88.013  87.852  0.000  0.000  0.000  14.224 0.939 
succeed   3  10.000  0.200  0.010  83.881    85.346  85.295  0.667  1.491  1.429  3.977 0.917 
succeed   3  10.000  0.200  0.100  84.179    86.013  85.934  0.817  1.826  1.750  3.865 0.919 
succeed   3  10.000  0.200  1.000  83.582    84.679  84.656  0.000  0.000  0.000  4.371 0.922 
succeed   3  10.000  0.200  10.000  83.582    84.679  84.656  0.000  0.000  0.000  4.323 0.922 
succeed   3  10.000  0.200  100.000  84.478    86.679  86.574  0.817  1.826  1.750  10.393 0.937 
succeed   3  10.000  0.400  0.010  83.881    85.346  85.295  0.667  1.491  1.429  3.896 0.918 
succeed   3  10.000  0.400  0.100  83.582    84.679  84.656  0.000  0.000  0.000  3.969 0.924 
succeed   3  10.000  0.400  1.000  83.582    84.679  84.656  0.000  0.000  0.000  4.183 0.918 
succeed   3  10.000  0.400  10.000  83.582    84.679  84.656  0.000  0.000  0.000  3.988 0.925 
succeed   3  10.000  0.400  100.000  84.776    87.346  87.213  0.667  1.491  1.429  13.086 0.937 
succeed   3  10.000  0.500  0.010  83.582    84.679  84.656  0.000  0.000  0.000  3.988 0.923 
succeed   3  10.000  0.500  0.100  83.582    84.679  84.656  0.000  0.000  0.000  3.870 0.920 
succeed   3  10.000  0.500  1.000  83.582    84.679  84.656  0.000  0.000  0.000  4.070 0.921 
succeed   3  10.000  0.500  10.000  83.582    84.679  84.656  0.000  0.000  0.000  4.725 0.926 
succeed   3  10.000  0.500  100.000  84.179    86.013  85.934  0.817  1.826  1.750  7.300 0.935 
succeed   3  10.000  0.800  0.010  83.582    84.679  84.656  0.000  0.000  0.000  3.784 0.921 
succeed   3  10.000  0.800  0.100  84.179    86.013  85.934  0.817  1.826  1.750  3.827 0.919 
succeed   3  10.000  0.800  1.000  83.582    84.679  84.656  0.000  0.000  0.000  3.932 0.918 
succeed   3  10.000  0.800  10.000  83.582    84.679  84.656  0.000  0.000  0.000  2.929 0.921 
succeed   3  10.000  0.800  100.000  84.776    87.346  87.213  0.667  1.491  1.429  12.725 0.932 
succeed   3  10.000  1.000  0.010  83.881    85.346  85.295  0.667  1.491  1.429  3.771 0.917 
succeed   3  10.000  1.000  0.100  83.881    85.346  85.295  0.667  1.491  1.429  3.718 0.919 
succeed   3  10.000  1.000  1.000  83.582    84.679  84.656  0.000  0.000  0.000  3.775 0.918 
succeed   3  10.000  1.000  10.000  83.582    84.679  84.656  0.000  0.000  0.000  3.588 0.918 
succeed   3  10.000  1.000  100.000  84.776    87.346  87.213  0.667  1.491  1.429  7.709 0.931 
succeed   3  100.000  0.000  0.010  46.269    65.385  55.459  1.055  0.680  1.226  1.836 0.914 
succeed   3  100.000  0.000  0.100  38.507    60.385  45.460  2.670  1.720  3.593  2.359 0.913 
succeed   3  100.000  0.000  1.000  22.388    50.000  0.000  0.000  0.000  0.000  2.357 0.909 
succeed   3  100.000  0.000  10.000  22.388    50.000  0.000  0.000  0.000  0.000  2.561 0.910 
succeed   3  100.000  0.000  100.000  83.582    84.679  84.656  0.000  0.000  0.000  7.821 0.920 
succeed   3  100.000  0.200  0.010  46.866    65.769  56.153  0.817  0.527  0.935  1.883 0.916 
succeed   3  100.000  0.200  0.100  38.507    60.385  45.546  1.249  0.804  1.757  2.384 0.914 
succeed   3  100.000  0.200  1.000  22.388    50.000  0.000  0.000  0.000  0.000  2.378 0.908 
succeed   3  100.000  0.200  10.000  22.388    50.000  0.000  0.000  0.000  0.000  2.714 0.907 
succeed   3  100.000  0.200  100.000  83.582    84.679  84.656  0.000  0.000  0.000  7.078 0.923 
succeed   3  100.000  0.400  0.010  46.866    65.769  56.143  1.335  0.860  1.505  1.831 0.914 
succeed   3  100.000  0.400  0.100  39.104    60.769  46.383  1.249  0.804  1.745  2.346 0.914 
succeed   3  100.000  0.400  1.000  22.388    50.000  0.000  0.000  0.000  0.000  2.355 0.908 
succeed   3  100.000  0.400  10.000  22.388    50.000  0.000  0.000  0.000  0.000  2.785 0.909 
succeed   3  100.000  0.400  100.000  83.881    85.346  85.295  0.667  1.491  1.429  5.875 0.917 
succeed   3  100.000  0.500  0.010  46.866    65.769  56.132  1.702  1.096  1.946  1.896 0.915 
succeed   3  100.000  0.500  0.100  38.507    60.385  45.527  1.635  1.053  2.293  2.350 0.913 
succeed   3  100.000  0.500  1.000  22.388    50.000  0.000  0.000  0.000  0.000  2.363 0.909 
succeed   3  100.000  0.500  10.000  22.388    50.000  0.000  0.000  0.000  0.000  2.827 0.910 
succeed   3  100.000  0.500  100.000  83.881    85.346  85.295  0.667  1.491  1.429  8.534 0.930 
succeed   3  100.000  0.800  0.010  47.164    65.962  56.494  0.817  0.527  0.935  1.831 0.914 
succeed   3  100.000  0.800  0.100  38.507    60.385  45.438  2.670  1.720  3.919  2.352 0.912 
succeed   3  100.000  0.800  1.000  22.388    50.000  0.000  0.000  0.000  0.000  2.348 0.907 
succeed   3  100.000  0.800  10.000  22.388    50.000  0.000  0.000  0.000  0.000  2.567 0.909 
succeed   3  100.000  0.800  100.000  83.582    84.679  84.656  0.000  0.000  0.000  5.032 0.922 
succeed   3  100.000  1.000  0.010  47.761    66.346  57.148  1.828  1.178  2.032  1.836 0.916 
succeed   3  100.000  1.000  0.100  39.701    61.154  47.201  1.335  0.860  1.872  2.376 0.913 
succeed   3  100.000  1.000  1.000  22.388    50.000  0.000  0.000  0.000  0.000  2.353 0.911 
succeed   3  100.000  1.000  10.000  22.388    50.000  0.000  0.000  0.000  0.000  2.992 0.911 
succeed   3  100.000  1.000  100.000  83.881    85.346  85.295  0.667  1.491  1.429  6.455 0.917 
