succeed   3  0.010  0.000  0.010  64.762    66.667  66.123  3.912  5.072  4.719  22.742 0.592 
succeed   3  0.010  0.000  0.100  59.048    60.741  60.395  1.065  1.776  1.527  20.602 0.652 
succeed   3  0.010  0.000  1.000  59.524    62.593  61.437  1.684  2.526  2.037  19.786 0.662 
succeed   3  0.010  0.000  10.000  58.571    63.333  61.089  1.304  1.014  1.334  10.666 0.649 
succeed   3  0.010  0.000  100.000  60.000    64.444  62.497  2.608  2.029  2.558  11.490 0.658 
succeed   3  0.010  0.200  0.010  60.952    65.185  63.469  1.304  1.014  1.283  18.381 0.646 
succeed   3  0.010  0.000  0.010  62.857    63.704  63.615  2.715  3.110  3.051  29.210 0.675 
succeed   3  0.010  0.000  0.100  62.857    63.704  63.595  2.130  2.566  2.508  32.852 0.668 
succeed   3  0.010  0.000  1.000  61.905    65.630  64.291  0.000  0.663  0.258  14.093 0.653 
succeed   3  0.010  0.000  10.000  59.048    63.704  61.576  1.065  0.828  1.089  8.818 0.657 
succeed   3  0.010  0.000  100.000  58.095    62.963  60.602  1.304  1.014  1.334  19.700 0.670 
succeed   3  0.010  0.200  0.010  60.952    65.185  63.469  1.304  1.014  1.283  16.215 0.658 
succeed   3  0.010  0.200  0.100  60.476    64.815  62.982  2.130  1.656  2.132  25.260 0.663 
succeed   3  0.010  0.200  1.000  60.476    64.815  63.000  1.304  1.014  1.283  30.133 0.640 
succeed   3  0.010  0.200  10.000  57.143    62.222  59.628  0.000  0.000  0.000  9.625 0.640 
succeed   3  0.010  0.200  100.000  59.048    63.704  61.576  1.065  0.828  1.089  17.235 0.635 
succeed   3  0.010  0.400  0.010  58.571    63.333  61.069  2.130  1.656  2.224  18.721 0.618 
succeed   3  0.010  0.400  0.100  58.571    63.333  61.089  1.304  1.014  1.334  25.881 0.622 
succeed   3  0.010  0.400  1.000  58.095    62.963  60.602  1.304  1.014  1.334  15.896 0.645 
succeed   3  0.010  0.400  10.000  57.619    62.593  60.095  1.992  1.549  2.074  9.985 0.640 
succeed   3  0.010  0.400  100.000  58.571    63.333  61.071  2.130  1.656  2.142  13.225 0.671 
succeed   3  0.010  0.500  0.010  57.143    62.222  59.608  1.684  1.309  1.759  14.274 0.641 
succeed   3  0.010  0.500  0.100  57.143    62.222  59.587  2.381  1.852  2.487  21.005 0.608 
succeed   3  0.010  0.500  1.000  59.524    64.074  62.063  0.000  0.000  0.000  12.537 0.644 
succeed   3  0.010  0.500  10.000  58.571    63.333  61.050  2.715  2.111  2.785  8.341 0.647 
succeed   3  0.010  0.500  100.000  59.048    63.704  61.576  1.065  0.828  1.089  27.062 0.667 
succeed   3  0.010  0.800  0.010  52.857    58.889  54.910  2.608  2.029  2.985  12.146 0.596 
succeed   3  0.010  0.800  0.100  50.476    57.037  52.198  1.065  0.828  1.249  10.599 0.626 
succeed   3  0.010  0.800  1.000  56.667    61.852  59.076  2.608  2.029  2.802  11.980 0.631 
succeed   3  0.010  0.800  10.000  58.095    62.963  60.582  2.130  1.656  2.218  14.172 0.648 
succeed   3  0.010  0.800  100.000  57.619    62.593  60.095  1.992  1.549  2.074  19.205 0.648 
succeed   3  0.010  1.000  0.010  50.476    57.037  52.166  1.992  1.549  2.395  15.583 0.631 
succeed   3  0.010  1.000  0.100  51.905    58.148  53.847  1.992  1.549  2.288  10.742 0.607 
succeed   3  0.010  1.000  1.000  50.952    57.407  52.757  1.304  1.014  1.530  11.886 0.609 
succeed   3  0.010  1.000  10.000  57.143    62.222  59.608  1.684  1.309  1.759  10.130 0.634 
succeed   3  0.010  1.000  100.000  57.143    62.222  59.628  0.000  0.000  0.000  11.886 0.662 
succeed   3  0.100  0.000  0.010  60.952    64.296  63.132  2.130  2.640  2.376  31.828 0.672 
succeed   3  0.100  0.000  0.100  61.429    65.556  63.899  2.608  2.821  2.679  22.466 0.636 
succeed   3  0.100  0.000  1.000  64.286    67.481  66.536  1.684  1.878  1.785  18.250 0.646 
succeed   3  0.100  0.000  10.000  61.905    65.926  64.406  0.000  0.000  0.000  33.074 0.641 
succeed   3  0.100  0.000  100.000  58.571    63.333  61.089  1.304  1.014  1.334  20.821 0.623 
succeed   3  0.100  0.200  0.010  61.905    65.926  64.406  0.000  0.000  0.000  25.427 0.658 
succeed   3  0.100  0.200  0.100  61.905    65.926  64.406  0.000  0.000  0.000  24.244 0.600 
succeed   3  0.100  0.200  1.000  61.905    65.926  64.406  0.000  0.000  0.000  17.426 0.612 
succeed   3  0.100  0.200  10.000  61.429    65.556  63.938  1.065  0.828  1.048  27.880 0.643 
succeed   3  0.100  0.200  100.000  58.571    63.333  61.089  1.304  1.014  1.334  18.430 0.645 
succeed   3  0.100  0.400  0.010  61.429    65.556  63.938  1.065  0.828  1.048  18.263 0.642 
succeed   3  0.100  0.400  0.100  60.000    64.444  62.513  1.992  1.549  1.993  21.563 0.610 
succeed   3  0.100  0.400  1.000  60.952    65.185  63.469  1.304  1.014  1.283  14.643 0.623 
succeed   3  0.100  0.400  10.000  58.571    63.333  61.089  1.304  1.014  1.334  20.255 0.636 
succeed   3  0.100  0.400  100.000  58.095    62.963  60.602  1.304  1.014  1.334  14.758 0.645 
succeed   3  0.100  0.500  0.010  58.571    63.333  61.089  1.304  1.014  1.334  13.001 0.623 
succeed   3  0.100  0.500  0.100  58.571    63.333  61.089  1.304  1.014  1.334  20.326 0.607 
succeed   3  0.100  0.500  1.000  60.000    64.444  62.532  1.065  0.828  1.048  22.145 0.629 
succeed   3  0.100  0.500  10.000  60.000    64.444  62.532  1.065  0.828  1.048  24.040 0.635 
succeed   3  0.100  0.500  100.000  57.619    62.593  60.115  1.065  0.828  1.089  18.627 0.639 
succeed   3  0.100  0.800  0.010  52.381    56.741  54.637  1.684  1.878  1.759  17.418 0.589 
succeed   3  0.100  0.800  0.100  53.333    58.074  55.609  2.130  2.801  2.218  19.223 0.599 
succeed   3  0.100  0.800  1.000  55.714    60.519  58.105  1.304  1.669  1.390  21.284 0.593 
succeed   3  0.100  0.800  10.000  59.524    64.074  62.063  0.000  0.000  0.000  24.332 0.644 
succeed   3  0.100  0.800  100.000  58.095    62.963  60.602  1.304  1.014  1.334  29.580 0.637 
succeed   3  0.100  1.000  0.010  50.952    55.630  53.134  2.715  2.611  2.824  20.259 0.584 
succeed   3  0.100  1.000  0.100  51.905    56.370  54.128  1.992  1.984  2.088  19.553 0.619 
succeed   3  0.100  1.000  1.000  52.381    56.741  54.637  1.684  1.878  1.759  20.971 0.585 
succeed   3  0.100  1.000  10.000  59.048    63.704  61.576  1.065  0.828  1.089  19.090 0.629 
succeed   3  0.100  1.000  100.000  59.048    63.704  61.576  1.065  0.828  1.089  20.014 0.643 
succeed   3  1.000  0.000  0.010  61.905    65.926  64.406  0.000  0.000  0.000  26.195 0.640 
succeed   3  1.000  0.000  0.100  61.429    65.556  63.938  1.065  0.828  1.048  34.880 0.622 
succeed   3  1.000  0.000  1.000  61.429    65.259  63.858  1.065  1.491  1.226  25.723 0.636 
succeed   3  1.000  0.000  10.000  61.429    65.259  63.858  1.065  1.491  1.226  34.388 0.596 
succeed   3  1.000  0.000  100.000  60.476    64.815  63.000  1.304  1.014  1.283  30.781 0.651 
succeed   3  1.000  0.200  0.010  56.667    60.370  58.900  3.104  2.415  3.034  26.022 0.597 
succeed   3  1.000  0.200  0.100  58.095    61.481  60.301  2.130  1.656  2.041  24.958 0.630 
succeed   3  1.000  0.200  1.000  58.571    62.148  60.847  1.304  1.420  1.312  34.987 0.588 
succeed   3  1.000  0.200  10.000  60.952    64.889  63.409  2.130  2.319  2.229  21.099 0.586 
succeed   3  1.000  0.200  100.000  60.952    65.185  63.469  1.304  1.014  1.283  49.608 0.629 
succeed   3  1.000  0.400  0.010  54.762    58.889  57.070  1.684  1.309  1.684  29.756 0.606 
succeed   3  1.000  0.400  0.100  55.238    59.259  57.556  1.065  0.828  1.043  26.740 0.570 
succeed   3  1.000  0.400  1.000  56.667    60.370  58.955  1.065  0.828  1.043  24.031 0.578 
succeed   3  1.000  0.400  10.000  60.952    64.593  63.309  1.304  1.826  1.502  28.301 0.609 
succeed   3  1.000  0.400  100.000  61.429    65.556  63.938  1.065  0.828  1.048  37.080 0.638 
succeed   3  1.000  0.500  0.010  55.238    59.259  57.536  1.992  1.549  1.986  36.247 0.563 
succeed   3  1.000  0.500  0.100  56.190    59.704  58.384  2.130  2.001  2.131  24.664 0.575 
succeed   3  1.000  0.500  1.000  56.190    60.000  58.489  1.304  1.014  1.277  27.710 0.565 
succeed   3  1.000  0.500  10.000  60.952    65.185  63.469  1.304  1.014  1.283  35.955 0.583 
succeed   3  1.000  0.500  100.000  60.000    64.444  62.532  1.065  0.828  1.048  32.412 0.636 
succeed   3  1.000  0.800  0.010  56.667    60.074  58.868  1.065  1.491  1.237  27.425 0.559 
succeed   3  1.000  0.800  0.100  54.762    57.407  56.656  0.000  0.000  0.000  28.037 0.544 
succeed   3  1.000  0.800  1.000  56.667    59.778  58.764  1.992  2.292  2.131  23.103 0.550 
succeed   3  1.000  0.800  10.000  58.571    61.852  60.767  1.304  1.014  1.229  36.380 0.577 
succeed   3  1.000  0.800  100.000  59.524    64.074  62.045  1.684  1.309  1.689  50.312 0.635 
succeed   3  1.000  1.000  0.010  54.286    56.741  56.074  1.065  1.491  1.300  26.004 0.555 
succeed   3  1.000  1.000  0.100  55.238    57.778  57.084  1.065  0.828  0.956  35.302 0.548 
succeed   3  1.000  1.000  1.000  55.238    58.074  57.209  1.065  1.491  1.237  25.519 0.547 
succeed   3  1.000  1.000  10.000  59.048    63.111  61.475  1.992  2.292  2.105  24.829 0.572 
succeed   3  1.000  1.000  100.000  60.000    64.444  62.532  1.065  0.828  1.048  33.794 0.614 
succeed   3  10.000  0.000  0.010  50.476    51.407  51.210  2.608  3.651  3.476  38.221 0.542 
succeed   3  10.000  0.000  0.100  51.429    52.741  52.519  1.304  1.826  1.684  27.896 0.538 
succeed   3  10.000  0.000  1.000  50.952    52.074  51.831  2.715  3.801  3.509  46.039 0.521 
succeed   3  10.000  0.000  10.000  54.762    58.000  56.851  1.684  1.935  1.774  37.271 0.584 
succeed   3  10.000  0.000  100.000  61.429    65.259  63.858  1.065  1.491  1.226  25.756 0.594 
succeed   3  10.000  0.200  0.010  49.524    48.593  48.372  1.992  2.531  2.688  28.219 0.508 
succeed   3  10.000  0.200  0.100  50.000    49.852  49.732  3.765  4.434  4.420  33.793 0.553 
succeed   3  10.000  0.200  1.000  49.524    50.074  49.980  1.992  2.789  2.667  39.885 0.504 
succeed   3  10.000  0.200  10.000  56.190    59.111  58.190  1.304  1.669  1.423  40.254 0.558 
succeed   3  10.000  0.200  100.000  60.952    64.593  63.309  1.304  1.826  1.502  39.323 0.572 
succeed   3  10.000  0.400  0.010  50.476    49.037  48.742  1.992  2.231  2.370  31.254 0.549 
succeed   3  10.000  0.400  0.100  50.476    49.333  49.013  1.065  1.580  1.832  29.894 0.525 
succeed   3  10.000  0.400  1.000  48.095    48.074  48.056  1.065  1.491  1.464  31.067 0.513 
